100
0 4 11.676
0 6 90.883
0 7 49.985
0 8 0.774
0 10 34.513
0 11 21.208
0 12 74.228
0 14 82.237
0 16 89.17
0 20 0.655
0 23 4.295
0 24 5.812
0 25 86.005
0 26 78.747
0 27 69.66
0 29 22.803
0 31 69.925
0 32 70.682
0 33 52.033
0 35 25.199
0 36 67.888
0 37 59.081
0 40 22.416
0 42 55.85
0 50 75.772
0 51 43.379
0 53 78.629
0 58 14.772
0 60 50.153
0 63 15.694
0 66 95.265
0 67 43.677
0 68 65.353
0 70 61.533
0 71 9.656
0 72 93.671
0 73 70.307
0 74 47.598
0 77 53.827
0 80 73.596
0 83 20.125
0 84 58.345
0 87 30.698
0 88 65.444
0 89 12.086
0 90 86.155
0 91 7.029
0 94 96.609
0 97 64.194
0 99 53.503
1 7 94.865
1 9 45.737
1 11 7.771
1 12 2.134
1 16 56.844
1 17 20.521
1 18 19.746
1 20 64.925
1 23 95.614
1 25 58.517
1 27 74.023
1 28 94.878
1 30 65.511
1 31 56.644
1 32 31.886
1 33 34.009
1 34 67.269
1 36 47.922
1 38 7.957
1 39 29.861
1 40 74.844
1 42 79.891
1 47 28.221
1 48 7.566
1 50 70.29
1 51 7.132
1 53 17.644
1 54 8.797
1 55 29.074
1 58 63.077
1 59 26.258
1 61 96.79
1 64 24.626
1 65 14.733
1 71 74.111
1 72 8.059
1 73 66.185
1 74 14.11
1 75 61.938
1 80 8.142
1 82 2.034
1 84 43.042
1 85 12.208
1 86 45.352
1 87 44.069
1 90 19.627
1 93 41.975
1 94 10.259
1 95 69.606
2 5 99.108
2 6 45.921
2 9 76.05
2 10 67.66
2 11 26.463
2 14 18.622
2 15 35.405
2 18 38.581
2 19 1.69
2 20 83.042
2 23 99.284
2 24 46.685
2 25 27.17
2 26 66.03
2 28 12.254
2 31 46.265
2 34 22.818
2 35 4.397
2 37 22.158
2 39 16.782
2 42 8.842
2 44 90.542
2 47 64.854
2 48 25.629
2 52 91.412
2 56 31.389
2 57 74.911
2 58 84.263
2 60 9.409
2 64 78.749
2 66 42.438
2 67 97.608
2 70 85.148
2 71 13.225
2 72 45.92
2 73 21.497
2 74 51.477
2 75 94.674
2 76 39.908
2 77 31.815
2 81 12.511
2 83 95.403
2 85 47.649
2 86 3.379
2 87 98.704
2 88 10.619
2 92 37.269
2 93 22.351
2 95 10.145
2 96 77.014
2 98 20.105
3 4 94.246
3 6 47.157
3 12 43.965
3 13 11.322
3 15 7.811
3 17 96.94
3 19 56.221
3 20 76.807
3 23 38.166
3 26 48.682
3 29 3.224
3 30 34.742
3 34 65.958
3 36 20.181
3 37 39.289
3 41 56.773
3 42 64.894
3 44 25.509
3 46 33.252
3 49 74.891
3 50 20.137
3 51 52.663
3 55 51.955
3 56 64.97
3 58 73.185
3 66 37.256
3 68 93.837
3 69 28.77
3 70 14.236
3 72 30.057
3 73 57.54
3 74 79.783
3 75 24.661
3 80 20.923
3 82 17.651
3 84 7.123
3 85 7.56
3 88 32.016
3 89 6.653
3 92 60.272
3 93 79.566
3 94 44.025
3 95 51.194
3 98 5.989
3 99 52.09
4 6 91.422
4 11 60.604
4 13 11.429
4 16 17.31
4 19 13.92
4 23 76.867
4 26 62.109
4 29 75.804
4 32 94.368
4 33 19.677
4 34 1.516
4 35 2.052
4 37 23.74
4 41 42.949
4 43 24.568
4 45 9.043
4 46 54.113
4 49 13.134
4 51 53.039
4 54 69.712
4 56 18.722
4 60 26.501
4 61 59.609
4 62 52.954
4 64 81.587
4 65 97.828
4 66 33.784
4 67 33.763
4 68 80.682
4 69 15.599
4 74 25.322
4 77 43.9
4 79 82.579
4 80 13.575
4 82 30.561
4 85 6.628
4 86 1.099
4 87 65.334
4 88 58.708
4 89 44.228
4 90 60.818
4 91 75.188
4 93 29.693
4 94 42.028
4 96 99.503
4 98 96.92
5 6 41.996
5 7 34.893
5 8 18.522
5 9 17.19
5 12 17.933
5 13 21.221
5 14 10.156
5 18 6.254
5 19 15.986
5 20 52.016
5 23 56.993
5 27 19.794
5 28 49.871
5 29 0.879
5 30 86.706
5 31 37.037
5 32 75.872
5 35 52.325
5 38 94.9
5 40 55.933
5 43 91.518
5 44 86.209
5 47 41.548
5 48 17.508
5 52 66.958
5 55 86.197
5 58 70.743
5 60 90.752
5 63 42.931
5 66 39.502
5 68 50.97
5 69 11.752
5 70 98.325
5 71 55.069
5 72 15.825
5 73 94.614
5 74 8.48
5 76 41.053
5 81 58.254
5 82 46.768
5 84 5.756
5 86 60.378
5 87 89.781
5 88 15.541
5 90 24.293
5 91 95.216
5 93 46.348
5 94 71.59
5 98 67.379
5 99 81.79
6 9 8.11
6 10 28.752
6 13 52.855
6 15 1.026
6 17 63.216
6 18 0.879
6 20 67.385
6 23 25.742
6 24 14.975
6 26 56.165
6 27 8.618
6 34 52.807
6 36 7.79
6 37 0.533
6 38 94.562
6 42 24.227
6 43 28.184
6 45 74.735
6 46 53.889
6 47 2.738
6 49 15.726
6 50 4.558
6 56 95.299
6 58 96.074
6 61 11.106
6 62 97.799
6 63 81.184
6 65 22.231
6 66 53.11
6 67 98.559
6 69 25.732
6 71 11.521
6 74 14.935
6 76 27.885
6 81 12.446
6 82 3.547
6 87 28.605
6 90 91.398
6 92 37.496
6 95 13.616
6 96 30.616
7 8 8.899
7 10 74.571
7 12 30.728
7 13 24.973
7 15 44.503
7 16 95.287
7 19 71.115
7 22 71.323
7 23 30.335
7 24 66.355
7 26 16.762
7 28 99.198
7 29 40.628
7 32 39.141
7 34 74.114
7 36 23.013
7 37 64.57
7 40 4.525
7 44 47.098
7 47 50.207
7 48 30.93
7 49 89.871
7 52 28.252
7 54 31.988
7 55 28.868
7 57 40.442
7 58 10.12
7 60 44.694
7 65 27.664
7 66 61.426
7 67 95.338
7 73 6.439
7 75 8.218
7 79 45.279
7 80 86.417
7 81 36.69
7 83 30.158
7 85 72.027
7 90 56.876
7 91 36.35
7 93 19.768
7 94 75.88
7 96 47.91
8 9 68.425
8 10 86.65
8 14 79.575
8 18 53.189
8 20 15.985
8 24 11.198
8 25 38.621
8 27 47.291
8 29 34.575
8 30 93.058
8 32 13.656
8 39 88.992
8 40 88.576
8 41 35.201
8 42 36.274
8 46 72.653
8 49 72.563
8 51 36.383
8 53 16.871
8 55 37.137
8 57 64.604
8 58 36.023
8 60 27.362
8 63 38.615
8 64 46.693
8 65 20.718
8 66 83.146
8 69 70.298
8 70 94.173
8 71 85.887
8 72 29.07
8 73 75.167
8 77 91.913
8 78 24.803
8 79 17.845
8 80 32.685
8 81 30.297
8 82 81.043
8 83 48.06
8 84 20.552
8 88 45.331
8 89 6.746
8 93 86.323
8 94 61.974
8 97 35.463
8 98 74.042
9 12 45.681
9 14 16.82
9 15 48.799
9 17 87.638
9 18 81.317
9 20 61.852
9 21 56.641
9 23 15.549
9 24 45.788
9 25 16.63
9 27 57.172
9 28 57.431
9 29 50.004
9 30 9.813
9 32 88.892
9 35 19.147
9 36 90.348
9 39 18.003
9 41 73.048
9 44 51.344
9 45 84.696
9 48 79.099
9 50 70.616
9 53 97.692
9 54 71.195
9 57 51.655
9 58 34.278
9 59 7.896
9 61 33.558
9 63 17.088
9 64 93.564
9 65 16.828
9 66 9.743
9 70 58.657
9 72 90.218
9 75 44.674
9 77 90.077
9 78 76.037
9 79 34.121
9 83 33.527
9 86 27.123
9 87 85.771
9 89 10.489
9 90 83.651
9 92 70.455
9 95 62.053
9 96 81.717
9 98 82.223
10 12 34.198
10 16 46.859
10 18 38.615
10 21 2.477
10 23 26.245
10 24 93.306
10 25 54.744
10 27 66.431
10 28 7.494
10 30 11.541
10 31 18.696
10 33 50.968
10 34 89.617
10 43 4.436
10 44 41.378
10 45 13.5
10 46 88.313
10 47 33.725
10 48 18.245
10 49 50.126
10 50 41.905
10 54 40.983
10 59 9.671
10 60 0.375
10 61 21.654
10 64 27.051
10 72 90.541
10 73 95.612
10 74 63.358
10 75 70.178
10 76 78.114
10 77 76.912
10 80 89.852
10 81 79.032
10 85 73.037
10 86 92.64
10 87 66.599
10 88 95.173
10 90 61.984
10 93 16.13
10 94 18.766
10 96 72.18
10 97 53.596
10 98 29.262
11 12 42.017
11 13 81.138
11 15 28.267
11 16 61.365
11 18 34.135
11 19 1.282
11 20 20.734
11 22 19.713
11 28 27.401
11 29 45.697
11 32 26.177
11 33 85.531
11 38 26.177
11 39 83.532
11 48 38.296
11 50 34.535
11 52 4.554
11 55 77.368
11 57 90.353
11 59 98.072
11 64 7.185
11 66 77.519
11 68 78.612
11 69 26.649
11 71 40.932
11 73 97.24
11 74 47.739
11 76 85.729
11 77 23.901
11 78 47.844
11 79 73.883
11 80 11.829
11 82 6.277
11 88 55.891
11 91 19.138
11 92 34.149
11 94 2.875
11 96 7.951
11 97 38.636
11 98 63.697
11 99 33.964
12 14 23.689
12 15 11.633
12 17 0.527
12 18 97.974
12 19 50.253
12 20 87.4
12 21 99.286
12 23 39.594
12 24 3.67
12 26 77.13
12 27 44.086
12 29 51.548
12 30 32.251
12 32 26.299
12 35 95.551
12 36 40.101
12 37 81.018
12 42 3.086
12 47 27.338
12 51 95.365
12 54 34.002
12 57 81.753
12 59 72.036
12 60 70.621
12 61 11.159
12 63 85.74
12 65 88.046
12 67 98.513
12 69 22.419
12 70 3.66
12 71 34.55
12 72 74.387
12 73 8.404
12 74 30.933
12 75 27.686
12 76 59.198
12 77 0.864
12 78 80.603
12 82 90.972
12 83 35.668
12 85 60.305
12 86 21.218
12 87 12.941
12 88 57.035
12 90 78.808
12 91 51.957
12 92 71.842
12 93 32.981
12 95 79.505
12 97 28.866
13 15 63.884
13 17 30.494
13 19 80.371
13 22 34.742
13 23 58.863
13 28 26.237
13 31 90.462
13 36 16.351
13 37 27.287
13 41 54.366
13 45 67.582
13 46 52.833
13 47 14.423
13 49 32.173
13 51 23.268
13 52 85.975
13 57 42.949
13 59 68.671
13 60 82.158
13 65 64.569
13 66 51.892
13 68 68.059
13 70 95.226
13 74 2.017
13 75 86.552
13 76 23.73
13 77 61.541
13 80 92.839
13 84 46.079
13 85 94.59
13 87 65.674
13 88 81.102
13 89 21.412
13 90 27.278
13 91 38.282
13 92 98.196
13 94 39.375
13 95 12.405
13 96 18.144
13 98 67.795
13 99 23.86
14 15 83.072
14 17 87.641
14 18 84.631
14 19 91.258
14 20 24.519
14 22 30.411
14 26 66.562
14 27 95.001
14 28 52.909
14 29 72.135
14 33 0.663
14 34 30.392
14 35 28.835
14 37 16.001
14 38 25.76
14 39 9.12
14 40 38.938
14 41 14.017
14 42 6.175
14 43 17.33
14 44 47.45
14 49 80.743
14 52 27.822
14 53 36.558
14 54 21.207
14 56 75.031
14 57 12.533
14 58 31.259
14 59 38.333
14 66 36.535
14 67 21.661
14 68 96.451
14 71 85.475
14 72 44.847
14 73 14.874
14 75 81.334
14 77 39.238
14 80 18.824
14 83 16.725
14 85 22.894
14 86 24.907
14 89 38.758
14 90 45.827
14 92 1.433
14 94 76.949
14 95 30.688
14 96 34.28
14 97 77.907
14 98 76.245
14 99 22.804
15 16 52.767
15 18 39.621
15 19 58.122
15 22 99.915
15 23 42.525
15 25 94.309
15 26 79.976
15 27 38.011
15 30 0.361
15 32 77.429
15 35 48.63
15 36 9.377
15 37 25.061
15 39 75.739
15 42 40.074
15 44 50.803
15 45 84.906
15 49 37.833
15 50 33.678
15 52 25.146
15 53 54.111
15 57 58.363
15 58 32.674
15 60 36.21
15 61 80.644
15 62 59.28
15 67 30.504
15 68 24.828
15 70 26.498
15 73 57.852
15 74 60.072
15 75 71.123
15 76 43.887
15 83 27.504
15 86 95.343
15 90 88.983
15 91 86.141
15 92 57.448
15 93 91.817
15 94 8.292
15 95 51.469
15 98 51.134
15 99 22.351
16 18 72.622
16 20 38.264
16 23 88.957
16 25 19.038
16 26 12.512
16 28 67.59
16 29 95.207
16 31 17.033
16 34 84.708
16 35 63.311
16 36 3.128
16 37 87.415
16 38 49.489
16 39 78.091
16 40 0.143
16 41 36.11
16 42 72.685
16 43 45.029
16 45 3.606
16 48 91.993
16 50 77.309
16 53 72.478
16 54 54.018
16 56 81.11
16 59 32.412
16 60 80.61
16 61 35.477
16 65 43.186
16 66 14.593
16 67 36.893
16 70 35.319
16 71 3.29
16 72 21.572
16 73 24.033
16 74 57.966
16 75 80.864
16 77 18.548
16 78 45.004
16 79 28.821
16 81 80.487
16 83 86.722
16 84 91.076
16 85 5.823
16 86 70.81
16 89 70.124
16 93 23.105
16 97 37.491
16 98 9.073
17 21 52.238
17 22 44.491
17 24 76.896
17 25 6.806
17 28 28.92
17 30 68.715
17 33 48.673
17 35 20.233
17 38 71.182
17 39 11.344
17 40 40.121
17 41 6.201
17 42 81.994
17 46 17.073
17 47 91.677
17 48 11.35
17 50 42.565
17 51 2.818
17 53 39.026
17 54 35.22
17 56 30.128
17 58 45.348
17 60 64.894
17 61 80.383
17 64 43.737
17 70 53.166
17 71 18.185
17 72 78.839
17 73 3.61
17 77 21.389
17 78 16.872
17 79 42.935
17 80 35.175
17 83 32.123
17 88 62.534
17 89 67.368
17 91 98.19
17 92 1.041
17 95 37.187
17 96 57.299
17 98 85.663
17 99 74.136
18 19 58.217
18 22 4.559
18 23 32.38
18 25 5.332
18 27 22.435
18 32 94.513
18 33 78.589
18 35 28.849
18 36 7.384
18 38 2.5
18 40 72.139
18 43 57.309
18 44 98.928
18 45 93.373
18 48 53.213
18 49 30.325
18 51 2.775
18 54 53.206
18 55 15.157
18 57 3.827
18 61 67.824
18 65 36.651
18 67 87.988
18 70 89.571
18 71 25.992
18 72 67.085
18 74 27.752
18 76 42.452
18 82 42.567
18 83 28.639
18 85 41.662
18 87 58.766
18 92 39.426
18 93 44.638
18 95 36.206
18 98 60.918
19 23 93.821
19 31 87.747
19 33 60.327
19 35 99.723
19 36 29.616
19 37 53.957
19 38 90.272
19 39 10.788
19 41 49.806
19 42 96.877
19 43 66.423
19 47 68.873
19 50 55.055
19 51 12.387
19 54 38.129
19 55 26.563
19 56 1.502
19 57 95.636
19 58 86.499
19 59 30.622
19 60 81.443
19 61 75.894
19 62 27.895
19 64 43.143
19 66 47.338
19 68 4.09
19 70 60.627
19 73 74.372
19 74 81.374
19 75 6.284
19 77 13.174
19 79 94.983
19 80 99.284
19 82 26.845
19 84 91.688
19 85 49.139
19 86 85.281
19 87 94.776
19 88 14.596
19 92 18.367
19 93 1.277
19 94 18.015
19 97 54.926
19 98 85.005
19 99 85.043
20 21 69.016
20 22 17.534
20 23 26.454
20 26 28.354
20 27 93.466
20 28 29.903
20 31 5.445
20 33 38.553
20 35 77.48
20 37 59.436
20 40 99.673
20 47 62.521
20 48 52.672
20 49 68.338
20 50 86.9
20 51 32.477
20 52 81.574
20 53 37.192
20 57 5.896
20 60 74.721
20 62 45.444
20 63 71.698
20 67 28.45
20 68 41.502
20 72 89.529
20 73 31.571
20 75 74.413
20 76 88.254
20 78 30.328
20 79 58.114
20 80 4.244
20 83 71.755
20 84 38.093
20 85 54.311
20 90 7.081
20 92 51.564
20 93 79.714
20 94 36.298
20 95 58.897
20 97 56.354
21 22 17.001
21 23 90.784
21 24 66.937
21 26 51.643
21 30 49.749
21 35 93.466
21 38 89.131
21 40 76.132
21 42 71.827
21 46 0.557
21 51 64.961
21 52 33.568
21 53 49.258
21 54 14.637
21 55 9.894
21 56 18.169
21 57 96.294
21 59 43.107
21 60 30.213
21 62 97.538
21 63 35.607
21 68 32.829
21 70 48.239
21 74 64.465
21 76 22.218
21 77 8.631
21 79 72.969
21 81 28.205
21 82 8.854
21 83 1.388
21 86 18.52
21 89 54.303
21 93 44.532
21 96 95.827
21 97 2.116
21 99 49.379
22 25 58.914
22 27 64.5
22 29 1.298
22 33 98.729
22 36 66.863
22 37 83.12
22 38 23.866
22 40 87.039
22 41 64.287
22 42 79.67
22 46 32.331
22 47 86.095
22 49 95.658
22 50 55.172
22 51 32.395
22 53 31.486
22 55 73.564
22 56 42.82
22 57 84.26
22 58 87.765
22 61 97.752
22 62 88.275
22 64 70.576
22 67 10.863
22 69 37.063
22 70 46.742
22 71 40.48
22 72 8.483
22 73 52.506
22 74 17.358
22 76 40.695
22 79 70.056
22 81 22.131
22 82 42.664
22 83 63.445
22 84 89.112
22 86 82.485
22 95 54.62
22 97 15.286
23 24 41.794
23 25 19.965
23 26 66.61
23 27 37.661
23 28 13.017
23 29 78.549
23 30 84.948
23 33 78.676
23 36 3.946
23 37 69.801
23 43 54.954
23 44 2.171
23 45 88.968
23 46 85.112
23 47 84.312
23 48 48.199
23 50 97.403
23 54 88.774
23 55 65.863
23 63 93.777
23 64 85.677
23 65 35.449
23 66 30.595
23 67 6.409
23 69 87.388
23 71 56.177
23 74 82.716
23 76 16.122
23 77 65.615
23 78 27.254
23 79 11.003
23 80 44.159
23 81 76.061
23 82 96.052
23 88 48.083
23 89 16.389
23 91 61.564
23 92 55.973
23 93 13.466
23 94 9.696
23 97 38.786
23 99 14.248
24 25 69.484
24 29 75.981
24 30 47.753
24 31 11.699
24 32 95.194
24 35 16.812
24 37 18.684
24 40 92.098
24 41 6.183
24 42 82.772
24 43 9.944
24 45 1.913
24 47 40.876
24 48 9.962
24 49 1.556
24 51 42.669
24 54 17.496
24 56 25.168
24 58 11.549
24 61 3.588
24 64 91.278
24 65 11.902
24 68 25.972
24 70 71.57
24 72 80.95
24 79 60.531
24 81 31.99
24 84 61.888
24 90 90.148
24 91 94.051
24 92 90.523
24 93 42.654
24 94 36.505
24 95 60.728
24 96 57.7
24 98 86.23
25 26 52.208
25 29 27.367
25 30 81.834
25 31 3.144
25 33 31.954
25 34 6.231
25 35 76.613
25 37 30.11
25 39 5.31
25 40 25.857
25 42 87.027
25 44 63.077
25 45 12.011
25 47 60.169
25 48 25.488
25 52 15.962
25 53 58.713
25 54 62.94
25 55 35.621
25 56 82.44
25 57 61.815
25 58 95.113
25 59 36.177
25 68 83.458
25 69 24.537
25 71 96.71
25 75 41.906
25 76 28.09
25 82 38.275
25 83 65.825
25 86 67.737
25 97 67.992
25 99 69.55
26 27 17.312
26 28 30.335
26 30 81.714
26 33 2.872
26 36 48.274
26 38 44.168
26 41 47.238
26 42 5.519
26 45 7.874
26 46 8.739
26 48 48.964
26 49 14.679
26 52 29.285
26 55 81.638
26 56 44.159
26 59 21.43
26 60 75.941
26 65 57.561
26 71 10.249
26 73 17.309
26 74 85.733
26 75 5.093
26 76 45.525
26 77 72.347
26 78 44.797
26 81 74.011
26 83 50.312
26 84 70.214
26 85 1.479
26 86 96.968
26 88 96.281
26 90 46.37
26 93 17.58
26 95 60.525
26 98 39.725
26 99 2.645
27 29 68.449
27 31 39.708
27 32 41.963
27 35 34.731
27 38 35.502
27 40 79.693
27 41 2.506
27 43 44.302
27 44 29.221
27 45 74.078
27 46 3.24
27 48 62.287
27 50 39.392
27 51 74.823
27 54 86.467
27 55 8.069
27 56 33.925
27 58 69.451
27 60 73.002
27 62 36.556
27 66 46.921
27 67 3.735
27 68 33.406
27 69 95.849
27 75 6.954
27 76 16.343
27 79 8.796
27 84 64.276
27 85 68.275
27 87 58.361
27 88 59.866
27 89 2.961
27 90 96.924
27 91 55.147
27 95 95.292
27 96 67.986
27 97 5.054
28 29 18.04
28 38 91.948
28 42 47.063
28 44 84.112
28 49 39.783
28 52 79.511
28 53 33.328
28 55 46.28
28 58 3.831
28 59 41.533
28 61 34.446
28 62 26.41
28 63 46.763
28 64 33.518
28 65 84.802
28 70 8.613
28 73 68.69
28 75 98.135
28 76 13.877
28 78 34.568
28 79 77.445
28 83 78.885
28 84 95.843
28 86 23.174
28 87 39.657
28 88 42.576
28 89 24.08
28 93 23.977
28 96 78.539
28 97 90.517
29 32 90.955
29 34 27.068
29 35 58.892
29 36 92.769
29 38 92.401
29 40 61.611
29 41 15.339
29 42 80.741
29 43 30.917
29 44 99.247
29 45 13.031
29 47 59.369
29 50 11.991
29 51 9.855
29 52 35.447
29 56 84.687
29 61 14.479
29 62 18.999
29 63 66.859
29 68 15.458
29 69 40.508
29 72 50.816
29 73 73.097
29 74 64.756
29 82 74.715
29 85 80.575
29 86 59.766
29 89 87.336
29 92 38.69
29 93 25.243
29 95 35.982
30 31 2.333
30 32 66.761
30 33 15.824
30 36 28.279
30 37 1.242
30 40 41.137
30 41 72.912
30 42 55.605
30 45 37.458
30 46 57.795
30 47 76.072
30 50 0.154
30 51 74.594
30 53 65.041
30 55 9.271
30 57 63.6
30 63 68.623
30 66 17.421
30 67 21.031
30 70 55.545
30 71 71.851
30 73 91.872
30 75 66.546
30 76 18.212
30 77 73.339
30 79 80.537
30 83 1.586
30 84 96.317
30 86 43.722
30 88 89.701
30 89 23.505
30 90 11.681
30 91 47.666
30 95 42.599
30 96 43.732
30 97 54.711
30 99 96.155
31 34 93.392
31 40 28.21
31 46 23.944
31 49 45.814
31 51 73.011
31 55 77.514
31 58 18.139
31 59 81.073
31 60 82.525
31 64 30.533
31 67 72.772
31 68 40.633
31 69 74.978
31 70 63.271
31 73 72.422
31 74 44.41
31 75 93.089
31 76 89.262
31 77 24.454
31 78 22.776
31 80 32.382
31 84 56.964
31 85 9.805
31 88 64.416
31 90 94.094
31 91 48.488
31 93 83.215
31 95 12.05
31 97 8.762
31 99 40.506
32 33 64.714
32 36 16.432
32 37 22.97
32 39 94.462
32 41 29.55
32 43 40.197
32 45 70.062
32 47 27.824
32 49 48.813
32 50 37.772
32 51 81.848
32 53 11.863
32 54 68.043
32 55 65.369
32 56 84.756
32 57 96.019
32 58 48.894
32 59 39.094
32 71 79.504
32 73 77.912
32 75 59.626
32 77 0.383
32 80 43.233
32 82 76.784
32 83 94.888
32 84 75.081
32 87 62.323
32 89 37.038
32 90 33.701
32 91 93.736
32 92 33.241
32 93 28.307
32 94 8.457
32 95 3.783
32 98 94.168
33 35 65.742
33 37 20.124
33 40 68.309
33 41 23.143
33 44 68.664
33 45 38.627
33 46 91.581
33 49 57.649
33 51 33.689
33 52 6.076
33 53 23.642
33 54 67.823
33 57 84.528
33 59 36.552
33 62 45.238
33 63 90.85
33 64 56.693
33 65 54.026
33 67 70.624
33 68 19.826
33 71 53.702
33 73 52.967
33 80 38.491
33 81 24.595
33 82 39.915
33 84 75.224
33 86 15.608
33 87 4.659
33 88 65.242
33 90 55.665
33 97 0.725
33 99 8.666
34 37 6.345
34 38 91.084
34 40 16.218
34 42 94.934
34 44 22.19
34 45 26.073
34 46 6.089
34 48 72.108
34 52 66.225
34 57 3.5
34 58 2.701
34 60 81.613
34 63 44.273
34 64 72.685
34 67 30.82
34 68 90.396
34 70 46.499
34 72 10.147
34 73 44.837
34 74 26.357
34 79 58.766
34 81 63.875
34 82 54.694
34 83 20.015
34 85 9.98
34 86 86.781
34 87 92.288
34 88 94.206
34 90 34.858
34 93 3.015
34 94 32.396
34 95 72.077
34 96 41.01
34 98 10.988
34 99 37.346
35 36 17.068
35 37 94.796
35 38 48.952
35 40 25.534
35 50 63.959
35 52 49.312
35 54 80.97
35 55 73.037
35 60 34.634
35 61 19.088
35 64 68.751
35 65 25.15
35 66 91.035
35 71 3.159
35 72 97.68
35 73 58.659
35 81 68.644
35 84 57.127
35 85 46.726
35 88 41.95
35 92 62.497
35 94 51.188
35 95 8.319
35 98 68.056
36 39 52.484
36 42 30.168
36 44 87.75
36 46 97.839
36 48 28.695
36 50 57.637
36 51 87.299
36 52 84.55
36 54 51.286
36 58 22.173
36 59 27.882
36 64 86.711
36 66 63.809
36 69 55.083
36 70 30.107
36 72 63.253
36 73 38.769
36 76 58.425
36 79 87.541
36 80 65.337
36 83 66.735
36 84 23.561
36 86 92.328
36 88 6.835
36 90 63.56
36 91 10.483
36 93 50.869
36 96 29.396
36 99 81.555
37 43 21.625
37 44 74.019
37 47 97.191
37 48 48.266
37 49 54.006
37 50 35.588
37 54 50.394
37 55 51.489
37 57 71.12
37 59 99.796
37 61 12.601
37 62 66.321
37 65 8.079
37 66 87.767
37 67 76.995
37 68 52.919
37 69 44.826
37 70 46.403
37 71 16.299
37 72 92.576
37 75 83.802
37 76 17.688
37 78 72.36
37 79 54.864
37 80 94.348
37 81 31.072
37 83 82.351
37 87 90.611
37 90 26.851
37 91 49.11
37 92 10.645
37 93 7.011
37 97 55.813
38 43 60.818
38 44 19.237
38 46 22.731
38 47 10.807
38 48 2.158
38 53 76.004
38 54 97.797
38 55 60.409
38 56 75.43
38 57 7.358
38 59 89.125
38 60 53.871
38 61 54.845
38 62 50.534
38 63 98.181
38 64 18.962
38 65 38.613
38 66 72.049
38 67 12.392
38 72 25.256
38 73 48.738
38 74 44.908
38 76 30.93
38 77 20.69
38 85 8.391
38 91 63.797
38 92 86.94
38 93 4.208
38 94 3.001
38 95 54.641
38 96 69.557
38 99 48.781
39 42 72.265
39 46 0.501
39 47 20.227
39 48 63.909
39 55 30.5
39 60 56.273
39 61 8.392
39 64 80.832
39 66 23.109
39 67 81.637
39 68 64.39
39 69 12.777
39 71 54.816
39 72 32.212
39 75 73.59
39 76 66.585
39 77 51.773
39 79 15.527
39 80 64.254
39 81 31.455
39 84 92.708
39 85 50.374
39 87 97.029
39 88 64.92
39 90 76.432
39 92 71.178
39 93 31.999
39 94 28.734
39 95 90.482
39 98 34.613
39 99 28.075
40 43 54.839
40 44 21.644
40 45 78.562
40 46 20.217
40 47 61.231
40 48 75.981
40 49 55.958
40 51 98.893
40 53 84.625
40 54 53.451
40 56 46.123
40 57 49.781
40 58 22.652
40 62 44.54
40 63 3.893
40 67 28.269
40 68 25.171
40 69 34.826
40 70 50.455
40 71 94.283
40 74 71.442
40 75 62.075
40 76 16.098
40 77 63.563
40 79 21.269
40 80 57.113
40 82 1.858
40 89 64.187
40 91 2.001
40 92 78.826
40 97 58.369
41 42 20.217
41 43 20.733
41 45 75.233
41 46 43.239
41 47 86.111
41 54 36.586
41 55 18.062
41 57 34.754
41 58 0.752
41 59 24.017
41 62 35.399
41 63 8.301
41 64 54.761
41 65 14.25
41 66 76.198
41 69 53.814
41 70 79.676
41 71 48.78
41 74 76.025
41 78 33.281
41 81 89.86
41 87 69.229
41 89 19.95
41 90 4.352
41 91 71.148
41 92 6.826
41 95 98.059
41 96 12.188
41 97 86.385
41 98 72.772
42 43 30.47
42 44 81.892
42 46 24.146
42 50 18.087
42 52 63.615
42 54 70.887
42 55 90.774
42 57 39.392
42 58 47.932
42 60 73.085
42 62 11.424
42 63 2.36
42 64 8.654
42 65 28.229
42 66 44.427
42 69 43.017
42 70 6.528
42 73 50.627
42 75 63.602
42 76 6.988
42 77 32.372
42 78 43.522
42 81 33.03
42 82 84.06
42 84 1.62
42 86 38.516
42 88 2.751
42 89 87.691
42 91 66.101
42 99 4.369
43 44 64.745
43 45 97.685
43 48 43.408
43 49 81.674
43 51 1.321
43 52 60.698
43 55 28.028
43 58 34.931
43 59 32.277
43 60 13.665
43 65 82.502
43 68 76.874
43 71 55.951
43 72 45.202
43 73 8.451
43 74 63.952
43 75 18.783
43 77 8.525
43 78 82.695
43 80 30.859
43 81 84.117
43 82 68.768
43 83 29.041
43 86 72.93
43 87 69.283
43 88 73.174
43 89 48.74
43 90 35.489
43 95 50.479
43 97 72.37
43 98 8.504
43 99 83.142
44 49 28.045
44 50 66.186
44 51 18.386
44 53 97.033
44 55 85.192
44 57 70.923
44 58 27.969
44 64 34.879
44 66 70.334
44 69 36.738
44 70 95.898
44 76 87.061
44 77 20.592
44 78 46.345
44 79 50.949
44 82 45.677
44 83 5.295
44 86 35.59
44 87 90.593
44 88 36.441
44 90 51.967
44 93 83.752
44 94 37.374
44 97 29.992
44 98 39.377
45 47 10.009
45 48 74.031
45 49 68.533
45 57 86.567
45 58 62.323
45 59 54.791
45 61 30.788
45 64 91.961
45 65 81.639
45 66 51.702
45 67 92.792
45 68 13.989
45 69 9.05
45 73 45.997
45 74 54.094
45 75 49.604
45 76 87.917
45 77 96.57
45 78 54.448
45 84 7.789
45 85 61.922
45 86 40.443
45 88 40.725
45 91 37.752
45 92 10.41
45 93 61.241
45 94 52.308
45 98 43.643
45 99 85.725
46 50 20.909
46 52 3.659
46 56 36.95
46 61 58.577
46 65 4.255
46 67 79.214
46 68 14.993
46 69 27.077
46 70 92.993
46 71 24.395
46 72 64.203
46 74 99.621
46 76 69.67
46 77 62.628
46 78 12.973
46 79 38.535
46 81 33.955
46 83 1.967
46 87 99.048
46 88 56.412
46 91 66.105
46 94 0.769
46 95 70.493
46 98 80.575
47 49 16.522
47 51 29.333
47 54 63.348
47 55 2.619
47 59 96.738
47 61 65.622
47 63 21.444
47 64 80.08
47 65 47.119
47 66 98.311
47 67 52.069
47 68 90.795
47 70 64.544
47 71 13.206
47 72 54.195
47 74 37.916
47 77 94.868
47 78 9.818
47 80 44.974
47 81 11.833
47 82 81.928
47 84 62.429
47 86 58.522
47 94 50.376
47 96 86.768
47 97 89.889
48 55 86.405
48 57 18.198
48 61 11.229
48 62 85.596
48 64 45.143
48 67 63.666
48 71 38.809
48 72 87.959
48 73 18.251
48 75 24.493
48 76 35.474
48 77 10.38
48 79 53.68
48 81 54.135
48 82 85.548
48 84 13.083
48 90 25.252
48 97 56.942
48 98 27.42
49 50 32.042
49 51 42.428
49 55 32.053
49 56 27.355
49 57 44.726
49 59 68.864
49 60 87.692
49 61 44.571
49 62 75.081
49 63 93.272
49 64 16.774
49 67 92.033
49 68 77.601
49 70 35.803
49 72 63.043
49 73 8.537
49 77 55.978
49 80 57.559
49 81 78.096
49 82 59.249
49 85 21.863
49 87 76.464
49 90 27.128
49 94 30.454
49 98 88.16
50 51 96.592
50 52 63.322
50 53 33.554
50 54 82.697
50 55 73.984
50 56 68.401
50 60 71.345
50 63 35.362
50 67 33.482
50 69 14.368
50 70 93.023
50 72 69.056
50 76 86.218
50 77 28.466
50 78 73.328
50 79 87.471
50 80 62.278
50 83 21.564
50 85 98.529
50 90 45.056
50 93 86.753
50 94 78.493
50 99 62.807
51 53 31.362
51 54 24.714
51 60 46.268
51 61 18.418
51 62 93.178
51 63 58.761
51 66 78.791
51 69 94.284
51 71 54.13
51 72 10.524
51 78 93.279
51 79 93.563
51 81 23.283
51 82 36.672
51 83 83.33
51 84 92.405
51 85 82.064
51 88 25.304
51 89 9.135
51 91 89.105
51 94 69.89
51 96 91.619
51 97 52.609
51 98 28.653
51 99 86.129
52 53 6.945
52 56 70.335
52 57 22.89
52 58 27.087
52 59 60.837
52 60 67.747
52 61 84.094
52 62 11.1
52 63 25.881
52 65 75.492
52 66 99.76
52 71 63.498
52 72 61.53
52 74 51.007
52 75 85.18
52 77 81.901
52 84 23.269
52 88 1.311
52 92 60.356
52 94 99.704
52 95 42.587
52 96 58.354
52 98 55.627
53 55 73.273
53 60 45.566
53 64 38.34
53 66 94.37
53 67 53.414
53 68 43.022
53 71 77.097
53 72 21.891
53 73 77.261
53 74 43.532
53 76 38.62
53 77 78.94
53 83 12.274
53 84 68.552
53 88 57.682
53 90 75.211
53 93 34.983
53 94 87.66
53 95 59.786
53 96 8.853
53 97 51.122
53 99 96.797
54 55 1.62
54 56 62.641
54 57 66.09
54 58 64.154
54 66 47.07
54 68 33.15
54 70 18.208
54 71 47.364
54 72 11.57
54 73 12.199
54 74 72.573
54 78 40.683
54 80 2.242
54 84 68.323
54 85 19.906
54 89 43.935
54 92 34.038
54 93 20.007
54 95 6.765
54 96 89.932
54 97 47.291
54 99 85.687
55 57 42.424
55 59 81.912
55 60 89.639
55 61 36.719
55 62 5.417
55 64 75.52
55 65 0.182
55 67 82.453
55 72 91.067
55 78 58.587
55 79 24.137
55 83 7.751
55 84 16.334
55 85 48.261
55 86 27.672
55 87 35.324
55 89 79.083
55 94 86.119
55 99 97.242
56 57 73.128
56 60 76.364
56 61 52.36
56 65 65.54
56 66 1.319
56 69 93.281
56 73 45.412
56 74 56.923
56 75 68.614
56 76 41.576
56 78 53.635
56 79 78.129
56 82 70.757
56 83 77.695
56 84 83.714
56 91 70.235
56 93 19.367
56 95 91.37
56 96 23.622
56 98 15.494
57 60 26.673
57 61 77.41
57 62 1.806
57 67 4.415
57 68 90.427
57 69 29.74
57 72 3.507
57 73 24.884
57 74 2.797
57 75 37.561
57 78 61.552
57 79 4.487
57 81 3.863
57 82 97.497
57 86 57.24
57 88 96.962
57 89 93.332
57 92 80.532
57 95 42.907
57 96 98.544
57 99 56.338
58 59 94.119
58 61 53.043
58 67 53.913
58 68 56.664
58 69 64.041
58 71 50.218
58 72 92.76
58 73 31.861
58 74 97.228
58 76 67.353
58 77 22.113
58 78 51.876
58 81 59.444
58 82 83.151
58 85 65.67
58 86 78.353
58 88 15.505
58 91 98.415
58 92 43.225
58 95 30.337
58 97 1.767
59 61 51.905
59 66 44.09
59 68 39.145
59 69 49.335
59 70 75.283
59 74 60.124
59 75 61.46
59 77 79.946
59 81 98.785
59 82 87.637
59 85 12.019
59 86 61.728
59 87 13.306
59 89 18.084
59 90 47.69
59 91 71.874
59 93 71.031
59 96 88.563
59 99 73.468
60 64 23.024
60 65 79.036
60 66 11.55
60 68 51.343
60 69 61.064
60 71 8.066
60 75 8.973
60 77 21.496
60 82 44.088
60 86 17.402
60 88 55.663
60 90 92.864
60 91 24.21
60 94 50.577
60 97 45.692
61 64 90.139
61 65 11.481
61 66 4.974
61 67 93.014
61 68 56.107
61 69 68.896
61 70 79.994
61 73 86.035
61 74 51.574
61 77 85.472
61 79 95.479
61 81 52.509
61 85 26.975
61 87 39.722
61 89 4.105
61 90 40.99
61 96 15.304
61 98 26.696
62 63 44.759
62 65 42.592
62 66 10.791
62 70 48.125
62 72 67.678
62 76 56.489
62 77 41.703
62 81 0.262
62 83 74.387
62 85 59.152
62 86 49.814
62 89 89.827
62 92 80.333
62 93 24.573
62 94 18.765
62 97 86.251
62 98 14.609
63 68 59.997
63 69 25.601
63 70 78.78
63 71 45.48
63 72 63.238
63 73 6.138
63 75 90.034
63 76 85.659
63 79 82.359
63 80 49.076
63 82 58.04
63 86 80.305
63 87 68.073
63 88 94.483
63 89 69.406
63 90 28.746
63 91 40.438
63 92 54.07
63 93 16.219
63 94 11.713
63 98 55.857
63 99 84.345
64 65 26.148
64 69 46.188
64 70 52.011
64 73 77.43
64 78 43.362
64 79 25.09
64 82 74.024
64 83 11.17
64 87 65.995
64 93 92.519
64 95 78.333
64 99 95.522
65 66 45.632
65 67 50.692
65 69 5.427
65 71 94.546
65 72 80.272
65 73 86.361
65 74 26.424
65 75 59.167
65 76 34.135
65 77 80.132
65 79 11.232
65 81 56.655
65 82 49.2
65 84 99.271
65 85 64.08
65 88 60.839
65 89 86.359
65 91 93.609
65 93 91.685
65 94 52.178
65 96 28.019
65 97 5.284
66 67 39.415
66 68 90.388
66 71 23.823
66 74 43.515
66 75 21.817
66 76 58.128
66 80 93.068
66 81 0.685
66 82 37.017
66 83 13.226
66 85 59.705
66 87 98.421
66 97 72.563
66 99 92.491
67 70 75.508
67 72 96.417
67 73 34.16
67 76 17.04
67 78 46.636
67 81 37.008
67 82 15.122
67 83 30.503
67 84 9.856
67 86 50.686
67 92 91.659
67 93 13.274
67 95 55.568
67 96 50.046
67 99 66.006
68 72 29.557
68 73 14.485
68 75 95.001
68 76 53.66
68 78 61.407
68 80 0.998
68 81 86.968
68 82 29.298
68 83 0.55
68 85 28.371
68 86 83.27
68 87 57.584
68 89 37.352
68 91 86.153
68 92 83.961
68 93 34.474
68 94 46.289
68 95 69.881
68 96 97.904
68 98 79.662
68 99 22.074
69 72 84.348
69 73 63.929
69 75 99.358
69 77 57.653
69 78 88.5
69 79 95.204
69 82 66.674
69 83 13.02
69 85 68.717
69 88 40.55
69 90 84.327
69 91 20.04
69 92 3.347
69 96 1.528
69 98 10.6
69 99 41.385
70 72 48.414
70 76 5.073
70 78 91.667
70 81 78.091
70 83 29.735
70 84 16.166
70 85 80.625
70 90 35.629
70 92 83.887
70 95 86.674
70 96 82.616
70 99 15.84
71 72 0.555
71 74 15.198
71 78 69.859
71 79 74.921
71 80 84.031
71 82 75.982
71 83 30.574
71 85 49.715
71 87 45.936
71 90 32.441
71 91 25.588
71 94 21.285
71 95 66.769
71 97 48.841
71 98 25.704
71 99 58.439
72 76 59.054
72 78 13.462
72 79 78.576
72 82 40.713
72 83 3.734
72 85 46.696
72 86 52.219
72 87 95.245
72 88 46.158
72 90 23.843
72 91 17.013
72 92 22.337
72 94 51.482
72 96 76.974
72 97 74.8
72 99 14.448
73 74 9.661
73 79 92.006
73 81 66.365
73 83 28.689
73 87 89.66
73 88 31.923
73 89 29.833
73 90 31.316
73 91 3.018
73 93 35.393
73 96 75.128
73 97 7.342
73 98 0.53
73 99 19.372
74 75 75.504
74 76 71.348
74 80 22.26
74 81 29.005
74 84 58.063
74 87 61.82
74 88 53.053
74 90 71.89
74 92 8.028
74 94 20.316
74 95 96.715
74 96 27.216
74 99 10.825
75 77 64.648
75 80 23.803
75 81 34.14
75 83 52.977
75 84 89.283
75 86 49.57
75 88 84.182
75 90 51.241
75 91 89.42
75 96 34.972
75 97 51.55
75 99 73.054
76 77 42.318
76 78 41.606
76 80 57.033
76 82 19.538
76 83 39.598
76 84 47.464
76 85 26.534
76 86 67.65
76 89 31.067
76 93 22.913
76 94 83.207
76 95 8.383
76 96 34.568
76 98 61.99
76 99 30.322
77 78 20.231
77 79 39.059
77 80 53.609
77 82 43.434
77 83 45.806
77 84 88.781
77 91 44.946
77 92 73.718
77 93 26.054
77 94 1.101
77 97 70.373
77 98 11.817
78 80 1.766
78 81 96.329
78 82 19.945
78 85 79.346
78 87 88.39
78 88 35.927
78 95 32.276
78 96 30.581
78 98 33.454
78 99 99.499
79 80 20.973
79 82 13.303
79 83 36.085
79 87 75.497
79 88 39.975
79 89 27.605
79 91 3.008
79 92 57.165
79 93 85.491
79 94 66.752
79 96 15.699
79 99 60.515
80 81 66.178
80 82 6.69
80 83 42.141
80 84 91.318
80 86 87.985
80 88 93.021
80 89 91.051
80 91 44.921
80 92 40.47
80 93 3.583
80 94 10.176
80 97 12.818
80 98 11.707
80 99 56.796
81 84 79.611
81 86 34.345
81 87 90.484
81 90 6.289
81 92 38.572
81 93 43.941
81 95 78.463
81 98 75.426
81 99 5.142
82 85 67.627
82 86 40.659
82 87 25.661
82 91 92.941
82 92 8.391
82 94 48.223
82 97 16.872
82 98 89.975
83 84 64.717
83 86 93.756
83 91 14.885
83 96 79.694
83 98 23.194
83 99 54.208
84 85 41.135
84 87 15.528
84 91 45.013
84 93 38.216
84 95 62.025
84 97 47.356
84 99 91.652
85 86 86.002
85 88 99.115
85 90 43.887
85 94 46.123
85 97 95.415
85 98 37.041
86 89 27.231
86 91 8.452
86 92 16.522
86 93 66.455
86 99 11.77
87 91 27.177
87 95 21.896
87 96 57.531
87 97 45.289
87 98 75.644
88 92 82.17
88 96 92.293
88 98 47.602
89 91 10.494
89 92 34.862
89 94 26.286
89 95 91.905
89 97 60.187
89 99 52.322
90 97 35.716
90 98 11.763
90 99 92.156
91 96 90.46
91 97 71.42
91 98 42.679
91 99 53.272
92 94 57.169
92 95 12.744
92 96 69.419
93 94 90.995
93 96 34.391
93 97 2.154
93 98 42.982
93 99 59.452
94 95 16.547
94 96 86.458
94 97 80.119
95 96 44.909
95 97 10.362
95 98 16.954
96 97 88.902
96 98 17.903
97 99 0.704
98 99 51.428