25
0 1 11.87
0 3 76.671
0 4 60.869
0 9 88.051
0 15 95.548
0 16 75.513
0 18 86.791
0 20 12.976
1 4 38.457
1 12 50.875
1 14 77.152
1 15 61.386
1 16 83.151
1 20 19.856
1 21 69.834
1 24 45.695
2 4 55.795
2 5 52.949
2 6 0.892
2 7 75.946
2 10 45.621
2 11 59.02
2 14 71.576
2 16 66.585
2 20 70.285
2 21 88.524
2 22 99.136
3 4 34.693
3 5 42.336
3 11 82.522
3 13 64.152
3 14 90.687
3 15 79.849
3 16 58.984
3 18 25.009
3 20 29.512
3 21 41.77
3 23 64.322
3 24 91.926
4 5 19.857
4 7 21.922
4 11 81.767
4 14 76.974
4 15 73.615
4 18 26.968
4 19 53.158
5 6 4.539
5 7 11.541
5 8 68.321
5 10 63.59
5 12 10.15
5 13 28.795
5 15 99.091
5 17 38.266
5 21 99.006
5 22 0.699
6 8 12.975
6 11 49.535
6 12 33.21
6 14 84.459
6 16 79.219
6 19 32.783
6 20 32.627
6 21 37.154
6 22 13.881
6 24 96.229
7 8 53.843
7 9 60.618
7 10 31.462
7 12 3.036
7 15 6.283
7 16 9.638
7 17 52.286
7 19 50.491
7 20 20.248
7 21 10.741
7 22 91.861
7 23 59.72
8 11 7.638
8 13 54.482
8 17 41.849
8 18 47.395
8 19 16.69
8 22 59.833
8 23 33.089
9 12 28.432
9 13 85.797
9 15 72.836
9 18 36.563
9 19 13.071
9 21 3.213
9 22 32.922
9 23 5.41
9 24 81.416
10 13 20.422
10 14 58.721
10 15 55.773
10 16 16.467
10 18 50.16
10 19 28.175
11 14 70.355
11 15 37.366
11 16 25.627
11 19 58.638
11 20 94.563
11 21 79.267
11 22 42.548
11 23 8.738
12 15 25.363
12 19 86.482
12 21 67.678
12 23 92.316
13 14 88.045
13 19 82.83
13 20 25.775
13 21 59.463
13 23 68.436
13 24 19.996
14 16 50.327
14 22 4.075
15 20 0.976
15 21 10.123
16 17 43.48
16 19 50.873
17 18 27.706
17 19 13.104
17 20 78.443
17 21 41.19
17 22 82.458
18 20 59.544
18 21 70.174
18 22 3.389
18 24 74.344
19 21 98.492
19 22 28.423
19 24 9.74
20 21 38.321
20 22 52.245
20 23 51.573
21 22 27.826
21 24 28.406
23 24 53.821