50
0 3 72.859
0 7 58.558
0 8 63.342
0 14 28.192
0 15 46.098
0 16 96.843
0 18 19.104
0 20 30.348
0 21 94.267
0 22 0.825
0 23 85.977
0 24 59.406
0 25 50.03
0 26 19.684
0 29 22.516
0 31 46.736
0 32 80.709
0 33 81.0
0 34 37.802
0 35 59.164
0 36 15.573
0 38 70.83
0 41 79.17
0 42 70.28
0 44 62.749
0 46 92.628
0 47 73.977
0 49 38.204
1 4 24.96
1 11 70.66
1 15 93.279
1 16 86.585
1 18 79.062
1 21 96.691
1 22 6.151
1 23 80.154
1 25 63.585
1 29 89.727
1 31 14.823
1 32 51.614
1 34 6.331
1 35 33.022
1 36 67.213
1 38 39.965
1 39 58.836
1 41 97.133
1 42 11.255
1 44 97.003
1 46 21.165
1 48 66.026
1 49 16.68
2 10 26.738
2 14 63.932
2 16 53.142
2 22 29.197
2 23 12.538
2 24 96.332
2 26 64.285
2 29 63.01
2 30 74.341
2 31 65.325
2 32 68.287
2 33 0.039
2 34 28.676
2 36 25.556
2 38 94.228
2 40 70.218
2 42 7.727
2 45 54.597
2 46 89.844
2 47 78.959
3 4 7.266
3 6 24.085
3 8 5.376
3 12 28.54
3 14 41.118
3 15 28.209
3 17 77.268
3 19 72.929
3 22 34.735
3 23 79.607
3 25 90.943
3 27 21.303
3 29 24.842
3 38 43.129
3 40 90.472
3 41 65.021
3 45 92.907
3 46 78.959
3 47 78.402
3 48 51.293
4 6 20.193
4 7 52.436
4 8 23.792
4 10 95.262
4 11 49.132
4 12 46.451
4 20 92.002
4 22 43.241
4 23 97.294
4 24 18.319
4 25 61.071
4 26 65.112
4 29 37.734
4 30 75.07
4 31 83.007
4 32 33.759
4 34 6.643
4 36 37.233
4 38 4.62
4 39 54.56
4 40 86.946
4 41 88.578
4 42 10.527
4 44 9.704
4 46 40.639
4 47 53.014
4 49 40.17
5 6 57.486
5 7 43.164
5 9 70.918
5 10 32.504
5 12 51.111
5 13 58.297
5 14 9.669
5 15 26.972
5 16 69.476
5 17 46.28
5 19 66.774
5 20 72.606
5 21 17.048
5 23 28.501
5 24 9.389
5 25 86.95
5 28 72.418
5 30 96.072
5 31 74.693
5 33 36.1
5 35 82.82
5 37 25.043
5 40 68.62
5 42 68.732
5 47 45.752
5 49 94.459
6 7 28.44
6 8 28.185
6 10 82.16
6 12 72.973
6 13 72.395
6 20 25.668
6 22 8.991
6 23 91.903
6 24 97.015
6 25 73.165
6 26 89.388
6 27 11.295
6 28 92.341
6 29 13.236
6 30 87.714
6 31 54.888
6 33 94.623
6 34 24.418
6 35 39.898
6 39 9.56
6 40 88.465
6 42 41.529
6 43 11.3
6 46 92.357
6 47 39.985
6 48 84.313
6 49 63.314
7 8 51.001
7 10 51.697
7 13 96.804
7 14 88.267
7 15 17.6
7 16 91.833
7 18 56.4
7 20 23.596
7 23 69.362
7 24 71.638
7 26 67.45
7 27 76.984
7 30 18.106
7 33 95.026
7 36 75.749
7 38 32.051
7 41 76.483
7 43 22.989
7 44 1.349
7 45 69.682
7 46 40.001
7 48 26.652
8 9 91.321
8 10 90.959
8 11 16.602
8 12 14.208
8 13 1.658
8 18 83.559
8 19 30.828
8 20 65.097
8 21 20.857
8 22 91.428
8 25 19.053
8 26 96.374
8 29 62.873
8 34 18.624
8 36 9.651
8 37 11.665
8 38 23.017
8 41 36.422
8 42 26.921
8 43 21.564
8 45 65.315
8 46 40.099
8 47 88.448
8 48 70.45
9 10 0.89
9 11 77.647
9 13 17.334
9 19 88.393
9 21 66.564
9 23 6.878
9 25 60.199
9 26 71.928
9 27 22.244
9 28 67.155
9 32 86.135
9 33 86.056
9 34 5.395
9 38 7.965
9 39 74.056
9 41 61.522
9 42 22.914
9 43 58.167
9 44 65.952
9 46 20.421
9 47 7.456
9 48 32.568
10 11 42.085
10 12 99.018
10 16 50.304
10 18 6.194
10 20 97.216
10 21 64.002
10 24 38.311
10 26 64.165
10 27 54.077
10 29 21.511
10 31 24.189
10 33 4.425
10 36 28.345
10 37 20.396
10 38 47.032
10 39 27.913
10 40 29.499
10 41 21.959
10 43 19.733
10 44 40.043
10 45 57.886
10 46 68.436
11 12 42.091
11 13 53.916
11 14 63.32
11 15 62.993
11 16 31.966
11 17 0.795
11 18 95.319
11 20 6.853
11 25 28.752
11 26 59.023
11 27 37.558
11 28 80.627
11 29 13.194
11 31 18.147
11 32 17.935
11 33 65.529
11 34 3.166
11 35 41.614
11 37 79.727
11 38 94.384
11 43 89.293
11 44 7.751
11 48 24.045
12 16 96.69
12 17 57.564
12 20 63.688
12 22 63.336
12 23 87.128
12 24 20.533
12 25 9.701
12 26 93.577
12 27 94.849
12 29 26.224
12 33 23.533
12 34 52.546
12 35 7.513
12 36 80.308
12 37 98.185
12 38 12.739
12 39 60.923
12 40 23.691
12 41 56.8
12 42 59.624
12 44 80.844
12 45 23.839
12 48 62.61
12 49 80.711
13 17 96.189
13 18 3.161
13 19 75.448
13 22 84.107
13 23 30.351
13 24 51.066
13 25 54.29
13 29 64.187
13 31 97.592
13 32 49.945
13 35 10.651
13 36 17.676
13 39 69.994
13 40 11.116
13 41 34.819
13 43 31.365
13 46 64.912
13 47 99.428
14 15 87.992
14 16 43.983
14 18 4.632
14 24 54.633
14 26 85.975
14 27 8.86
14 30 14.765
14 32 39.995
14 33 0.484
14 35 5.134
14 38 84.845
14 39 69.821
14 41 83.409
14 42 58.794
14 43 32.304
14 46 2.702
15 16 25.022
15 17 99.065
15 18 42.162
15 19 72.866
15 20 13.135
15 21 39.033
15 22 84.039
15 23 53.053
15 25 51.676
15 26 71.662
15 27 62.638
15 28 0.762
15 29 60.664
15 30 1.875
15 35 89.06
15 38 33.874
15 39 72.805
15 40 64.378
15 41 23.579
15 42 80.554
15 43 56.027
15 45 67.503
15 46 28.06
16 21 42.702
16 23 97.265
16 26 96.499
16 27 36.646
16 28 5.561
16 29 74.664
16 32 11.458
16 33 19.832
16 34 67.118
16 35 49.066
16 36 22.941
16 37 2.78
16 38 95.812
16 41 50.446
16 42 69.591
16 46 48.454
16 47 98.869
16 49 51.323
17 18 54.871
17 20 29.217
17 21 67.543
17 26 63.691
17 27 54.958
17 29 52.505
17 30 40.124
17 31 70.114
17 32 85.118
17 33 9.78
17 34 89.889
17 35 73.633
17 37 98.451
17 38 49.113
17 39 45.219
17 40 9.704
17 41 58.655
17 45 8.112
17 48 31.476
17 49 9.033
18 20 51.131
18 24 83.119
18 26 33.185
18 27 41.864
18 28 31.966
18 30 1.36
18 32 84.507
18 34 17.886
18 36 8.264
18 37 41.646
18 38 16.36
18 41 72.654
18 43 20.236
18 45 34.514
18 49 36.042
19 22 99.983
19 23 18.19
19 25 81.192
19 28 26.33
19 30 14.169
19 31 40.679
19 34 78.851
19 38 55.185
19 42 85.096
19 44 53.664
19 47 11.451
19 48 84.973
20 21 32.812
20 22 44.514
20 24 7.595
20 25 10.454
20 26 98.687
20 28 24.568
20 29 22.737
20 33 8.567
20 38 10.523
20 40 28.02
20 41 16.51
20 42 7.091
20 44 92.012
20 45 59.725
20 46 45.303
20 49 77.494
21 22 72.033
21 23 88.964
21 24 87.181
21 25 14.924
21 27 83.239
21 28 33.772
21 29 64.022
21 30 5.827
21 33 35.354
21 34 56.71
21 37 95.713
21 38 85.711
21 39 72.625
21 44 7.733
21 47 56.863
21 48 99.809
22 26 13.115
22 27 89.429
22 29 79.194
22 30 12.297
22 31 19.513
22 33 32.318
22 34 48.965
22 37 52.979
22 38 74.721
22 40 90.62
22 41 42.585
22 46 73.243
22 49 91.774
23 24 87.084
23 27 3.169
23 28 65.179
23 29 57.222
23 30 86.947
23 32 17.599
23 33 28.056
23 35 65.957
23 39 40.636
23 41 81.063
23 44 17.749
23 46 26.565
23 48 50.803
24 32 12.492
24 33 40.949
24 34 66.381
24 37 97.448
24 39 56.641
24 41 43.917
24 42 40.28
24 46 72.064
24 47 50.31
25 27 19.588
25 29 75.291
25 31 0.26
25 32 3.88
25 33 19.834
25 37 14.522
25 39 78.491
25 42 97.066
25 44 15.1
25 48 84.571
26 29 53.061
26 30 51.113
26 32 91.303
26 33 61.192
26 38 60.288
26 40 35.904
26 41 6.728
26 44 35.961
26 47 16.092
26 49 31.962
27 28 77.013
27 29 85.052
27 30 71.457
27 32 11.976
27 34 0.116
27 35 58.307
27 36 30.69
27 37 72.377
27 39 44.283
27 40 37.453
27 41 14.722
27 44 59.826
27 45 82.709
27 47 39.621
27 49 37.808
28 29 58.456
28 32 55.204
28 33 39.785
28 34 12.128
28 35 85.956
28 36 51.071
28 37 59.744
28 40 65.558
28 41 78.923
28 43 38.137
28 44 3.191
28 45 18.528
28 47 95.707
28 48 98.604
28 49 74.133
29 31 86.807
29 32 36.163
29 33 33.793
29 37 0.533
29 38 54.687
29 43 39.13
29 44 61.133
29 47 36.467
30 33 32.067
30 34 64.304
30 39 32.607
30 40 78.436
30 42 52.447
30 45 58.734
30 48 87.211
31 32 36.201
31 35 5.171
31 36 54.172
31 37 52.044
31 38 68.308
31 40 30.698
31 46 83.342
31 48 11.828
31 49 51.126
32 33 6.719
32 34 27.65
32 37 69.529
32 38 90.925
32 40 4.245
32 44 92.181
32 45 84.661
32 46 52.553
33 35 69.561
33 36 73.146
33 41 15.961
33 44 72.061
33 45 94.266
33 49 49.429
34 35 73.14
34 36 37.399
34 37 79.224
34 38 43.003
34 39 10.818
34 41 76.939
34 44 34.23
34 46 29.351
34 47 21.335
34 48 95.157
34 49 2.724
35 36 53.248
35 37 17.241
35 42 54.671
35 43 70.683
35 46 56.047
35 47 76.473
36 38 40.481
36 39 70.734
36 41 48.995
36 49 93.17
37 38 41.935
37 41 88.253
37 42 27.823
37 45 5.738
37 46 92.932
37 49 66.673
38 39 76.969
38 44 74.195
38 45 20.609
38 46 9.726
38 47 97.446
38 48 12.887
39 40 22.16
39 42 63.082
39 44 6.868
39 45 23.319
39 46 68.305
39 47 17.161
40 41 87.348
40 42 35.269
40 43 1.245
40 44 71.757
40 47 43.338
41 42 76.96
41 43 81.049
41 44 27.582
41 45 95.343
41 47 11.626
42 44 12.924
42 45 57.352
42 48 46.133
43 44 90.585
43 45 66.022
43 46 10.384
43 47 46.287
43 48 5.191
43 49 20.677
44 48 95.339
45 46 9.707
45 47 17.865
45 49 68.558
46 49 52.73
47 48 17.194
47 49 21.332